1	1
2	1
3	1
4	1
5	1
6	1
7	1
8	1
9	1
10	1
11	1
12	0.9319
13	0.86948
14	0.81247
15	0.76065
16	0.71376
17	0.67155
18	0.63377
19	0.60017
20	0.57051
21	0.54453
22	0.52203
23	0.50282
24	0.5
25	0.5
26	0.5
27	0.5
28	0.5
29	0.5
30	0.5
31	0.5
32	0.50113
33	0.50353
34	0.50705
35	0.5115
36	0.51671
37	0.52252
38	0.52877
39	0.53533
40	0.54206
41	0.54886
42	0.55564
43	0.5623
44	0.56878
45	0.57501
46	0.58096
47	0.58657
48	0.59183
49	0.59671
50	0.6012
51	0.60529
52	0.60896
53	0.61224
54	0.61512
55	0.61762
56	0.61975
57	0.62152
58	0.62295
59	0.62406
60	0.62487
61	0.62541
62	0.62569
63	0.62574
64	0.62558
65	0.62523
66	0.62471
67	0.62404
68	0.62324
69	0.62232
70	0.62132
71	0.62023
72	0.61908
73	0.61788
74	0.61664
75	0.61538
76	0.6141
77	0.61282
78	0.61154
79	0.61027
80	0.60902
81	0.6078
82	0.6066
83	0.60544
84	0.60431
85	0.60322
86	0.60218
87	0.60117
88	0.60021
89	0.5993
90	0.59843
91	0.59761
92	0.59684
93	0.5961
94	0.59542
95	0.59477
96	0.59417
97	0.59361
98	0.5931
99	0.59262
100	0.59218
101	0.59177
102	0.59141
103	0.59108
104	0.59078
105	0.59051
106	0.59028
107	0.59007
108	0.5899
109	0.58975
110	0.58963
111	0.58953
112	0.58945
113	0.5894
114	0.58939
115	0.58943
116	0.5895
117	0.58962
118	0.58979
119	0.59
120	0.59025
121	0.59054
122	0.59087
123	0.59122
124	0.59161
125	0.59202
126	0.59244
127	0.59288
128	0.59334
129	0.59379
130	0.59425
131	0.59471
132	0.59516
133	0.5956
134	0.59602
135	0.59644
136	0.59683
137	0.5972
138	0.59755
139	0.59788
140	0.59818
141	0.59845
142	0.5987
143	0.59892
144	0.59911
145	0.59928
146	0.59942
147	0.59954
148	0.59963
149	0.5997
150	0.59975
151	0.59978
152	0.59978
153	0.59977
154	0.59975
155	0.59971
156	0.59966
157	0.59959
158	0.59952
159	0.59944
160	0.59935
161	0.59925
162	0.59915
163	0.59905
164	0.59895
165	0.59884
166	0.59874
167	0.59864
168	0.59854
169	0.59844
170	0.59835
171	0.59826
172	0.59817
173	0.59809
174	0.59802
175	0.59795
176	0.59788
177	0.59782
178	0.59777
179	0.59772
180	0.59768
181	0.59765
182	0.59762
183	0.59759
184	0.59757
185	0.59756
186	0.59754
187	0.59754
188	0.59754
189	0.59754
190	0.59754
191	0.59755
192	0.59756
193	0.59757
194	0.59759
195	0.59761
196	0.59763
197	0.59765
198	0.59767
199	0.59769
200	0.59772
201	0.59774
202	0.59777
203	0.59779
204	0.59782
205	0.59784
206	0.59787
207	0.59789
208	0.59792
209	0.59794
210	0.59796
211	0.59798
212	0.59801
213	0.59803
214	0.59805
215	0.59806
216	0.59808
217	0.5981
218	0.59811
219	0.59813
220	0.59814
221	0.59815
222	0.59816
223	0.59817
224	0.59818
225	0.59818
226	0.59819
227	0.59819
228	0.5982
229	0.5982
230	0.5982
231	0.5982
232	0.5982
233	0.5982
234	0.5982
235	0.59819
236	0.59819
237	0.59819
238	0.59818
239	0.59817
240	0.59817
241	0.59816
242	0.59815
243	0.59815
244	0.59814
245	0.59813
246	0.59812
247	0.59811
248	0.59811
249	0.5981
250	0.66619
251	0.72861
252	0.7856
253	0.83742
254	0.8843
255	0.9265
256	0.96428
257	0.99787
258	1.0275
259	1.0535
260	1.076
261	1.0952
262	1.1113
263	1.1246
264	1.1351
265	1.1433
266	1.1491
267	1.153
268	1.1549
269	1.1553
270	1.1541
271	1.1517
272	1.1482
273	1.1437
274	1.1385
275	1.1325
276	1.1261
277	1.1192
278	1.112
279	1.1046
280	1.0972
281	1.0897
282	1.0822
283	1.0748
284	1.0676
285	1.0606
286	1.0539
287	1.0475
288	1.0413
289	1.0355
290	1.03
291	1.0249
292	1.0201
293	1.0158
294	1.0117
295	1.008
296	1.0047
297	1.0017
298	0.99907
299	0.99673
300	0.99468
301	0.99292
302	0.99143
303	0.99019
304	0.98918
305	0.98839
306	0.9878
307	0.9874
308	0.98717
309	0.98709
310	0.98714
311	0.98732
312	0.98762
313	0.988
314	0.98847
315	0.98902
316	0.98963
317	0.99028
318	0.99098
319	0.99171
320	0.99247
321	0.99325
322	0.99403
323	0.99483
324	0.99562
325	0.99641
326	0.99718
327	0.99795
328	0.9987
329	0.99943
330	1.0001
331	1.0008
332	1.0015
333	1.0021
334	1.0027
335	1.0033
336	1.0039
337	1.0044
338	1.0049
339	1.0053
340	1.0057
341	1.0061
342	1.0065
343	1.0068
344	1.0071
345	1.0074
346	1.0076
347	1.0078
348	1.008
349	1.0081
350	1.0083
351	1.0084
352	1.0084
353	1.0084
354	1.0084
355	1.0083
356	1.0082
357	1.008
358	1.0077
359	1.0075
360	1.0071
361	1.0068
362	1.0064
363	1.006
364	1.0056
365	1.0051
366	1.0047
367	1.0042
368	1.0037
369	1.0032
370	1.0028
371	1.0023
372	1.0019
373	1.0014
374	1.001
375	1.0006
376	1.0002
377	0.99987
378	0.99954
379	0.99924
380	0.99896
381	0.99871
382	0.99849
383	0.99829
384	0.99813
385	0.99799
386	0.99787
387	0.99778
388	0.99771
389	0.99766
390	0.99764
391	0.99764
392	0.99765
393	0.99768
394	0.99772
395	0.99778
396	0.99785
397	0.99794
398	0.99803
399	0.99813
400	0.99823
401	0.99834
402	0.99845
403	0.99857
404	0.99869
405	0.99881
406	0.99892
407	0.99904
408	0.99915
409	0.99926
410	0.99937
411	0.99947
412	0.99957
413	0.99967
414	0.99975
415	0.99984
416	0.99991
417	0.99999
418	1.0001
419	1.0001
420	1.0002
421	1.0002
422	1.0003
423	1.0003
424	1.0003
425	1.0003
426	1.0004
427	1.0004
428	1.0004
429	1.0004
430	1.0004
431	1.0004
432	1.0004
433	1.0004
434	1.0004
435	1.0004
436	1.0004
437	1.0004
438	1.0003
439	1.0003
440	1.0003
441	1.0003
442	1.0003
443	1.0002
444	1.0002
445	1.0002
446	1.0002
447	1.0001
448	1.0001
449	1.0001
450	1.0001
451	1.0001
452	1
453	1
454	1
455	0.99998
456	0.99996
457	0.99995
458	0.99993
459	0.99992
460	0.9999
461	0.99989
462	0.99988
463	0.99987
464	0.99986
465	0.99986
466	0.99985
467	0.99985
468	0.99984
469	0.99984
470	0.99984
471	0.99984
472	0.99984
473	0.99984
474	0.99984
475	0.99985
476	0.99985
477	0.99986
478	0.99986
479	0.99987
480	0.99988
481	0.99988
482	0.99989
483	0.9999
484	0.99991
485	0.99992
486	0.99992
487	0.99993
488	0.99994
489	0.99995
490	0.99996
491	0.99996
492	0.99997
493	0.99998
494	0.99999
495	0.99999
496	1
497	1
498	1
499	1
500	1.0341
501	1.0653
502	1.0938
503	1.1197
504	1.1432
505	1.1643
506	1.1832
507	1.2
508	1.2148
509	1.2278
510	1.239
511	1.2486
512	1.2567
513	1.2633
514	1.2686
515	1.2727
516	1.2756
517	1.2775
518	1.2785
519	1.2787
520	1.2781
521	1.2769
522	1.2751
523	1.2729
524	1.2703
525	1.2673
526	1.2641
527	1.2606
528	1.257
529	1.2533
530	1.2496
531	1.2458
532	1.2421
533	1.2384
534	1.2348
535	1.2313
536	1.2279
537	1.2247
538	1.2216
539	1.2187
540	1.216
541	1.2134
542	1.211
543	1.2089
544	1.2068
545	1.205
546	1.2033
547	1.2018
548	1.2005
549	1.1993
550	1.1983
551	1.1974
552	1.1967
553	1.1961
554	1.1956
555	1.1952
556	1.1949
557	1.1947
558	1.1946
559	1.1945
560	1.1945
561	1.1946
562	1.1948
563	1.195
564	1.1952
565	1.1955
566	1.1958
567	1.1961
568	1.1965
569	1.1968
570	1.1972
571	1.1976
572	1.198
573	1.1984
574	1.1988
575	1.1992
576	1.1996
577	1.2
578	1.2003
579	1.2007
580	1.2011
581	1.2014
582	1.2017
583	1.202
584	1.2023
585	1.2026
586	1.2029
587	1.2032
588	1.2034
589	1.2036
590	1.2039
591	1.204
592	1.2042
593	1.2044
594	1.2045
595	1.2047
596	1.2048
597	1.2049
598	1.205
599	1.2051
600	1.2051
601	1.2052
602	1.2052
603	1.2052
604	1.2052
605	1.2051
606	1.2051
607	1.205
608	1.2048
609	1.2047
610	1.2046
611	1.2044
612	1.2042
613	1.204
614	1.2038
615	1.2035
616	1.2033
617	1.2031
618	1.2028
619	1.2026
620	1.2024
621	1.2021
622	1.2019
623	1.2017
624	1.2015
625	1.2013
626	1.2011
627	1.2009
628	1.2008
629	1.2006
630	1.2005
631	1.2003
632	1.2002
633	1.2001
634	1.2
635	1.2
636	1.1999
637	1.1999
638	1.1998
639	1.1998
640	1.1998
641	1.1998
642	1.1998
643	1.1998
644	1.1998
645	1.1999
646	1.1999
647	1.1999
648	1.2
649	1.2
650	1.2001
651	1.2002
652	1.2002
653	1.2003
654	1.2003
655	1.2004
656	1.2004
657	1.2005
658	1.2006
659	1.2006
660	1.2007
661	1.2007
662	1.2008
663	1.2008
664	1.2009
665	1.2009
666	1.2009
667	1.201
668	1.201
669	1.201
670	1.2011
671	1.2011
672	1.2011
673	1.2011
674	1.2011
675	1.2012
676	1.2012
677	1.2012
678	1.2012
679	1.2012
680	1.2012
681	1.2012
682	1.2012
683	1.2012
684	1.2012
685	1.2012
686	1.2012
687	1.2012
688	1.2012
689	1.2011
690	1.2011
691	1.2011
692	1.2011
693	1.2011
694	1.2011
695	1.2011
696	1.2011
697	1.2011
698	1.201
699	1.201
700	1.201
701	1.201
702	1.201
703	1.201
704	1.201
705	1.201
706	1.201
707	1.201
708	1.2009
709	1.2009
710	1.2009
711	1.2009
712	1.2009
713	1.2009
714	1.2009
715	1.2009
716	1.2009
717	1.2009
718	1.2009
719	1.2009
720	1.2009
721	1.2009
722	1.2009
723	1.2009
724	1.2009
725	1.2009
726	1.2009
727	1.2009
728	1.2009
729	1.2009
730	1.2009
731	1.2009
732	1.2009
733	1.2009
734	1.2009
735	1.2009
736	1.2009
737	1.2009
738	1.201
739	1.201
740	1.201
741	1.201
742	1.201
743	1.201
744	1.201
745	1.201
746	1.201
747	1.201
748	1.201
749	1.201
750	1.235
751	1.2663
752	1.2948
753	1.3207
754	1.3441
755	1.3652
756	1.3841
757	1.4009
758	1.4157
759	1.4287
760	1.44
761	1.4496
762	1.4577
763	1.4643
764	1.4696
765	1.4736
766	1.4766
767	1.4785
768	1.4795
769	1.4796
770	1.4791
771	1.4779
772	1.4761
773	1.4739
774	1.4712
775	1.4683
776	1.465
777	1.4616
778	1.458
779	1.4543
780	1.4506
781	1.4468
782	1.4431
783	1.4394
784	1.4358
785	1.4323
786	1.4289
787	1.4257
788	1.4226
789	1.4197
790	1.417
791	1.4144
792	1.412
793	1.4098
794	1.4078
795	1.406
796	1.4043
797	1.4028
798	1.4015
799	1.4003
800	1.3993
801	1.3984
802	1.3977
803	1.397
804	1.3965
805	1.3961
806	1.3959
807	1.3957
808	1.3955
809	1.3955
810	1.3955
811	1.3956
812	1.3958
813	1.396
814	1.3962
815	1.3965
816	1.3968
817	1.3971
818	1.3974
819	1.3978
820	1.3982
821	1.3986
822	1.399
823	1.3994
824	1.3998
825	1.4002
826	1.4006
827	1.4009
828	1.4013
829	1.4017
830	1.402
831	1.4024
832	1.4027
833	1.403
834	1.4033
835	1.4036
836	1.4039
837	1.4041
838	1.4044
839	1.4046
840	1.4048
841	1.405
842	1.4052
843	1.4054
844	1.4055
845	1.4057
846	1.4058
847	1.4059
848	1.406
849	1.406
850	1.4061
851	1.4061
852	1.4062
853	1.4062
854	1.4062
855	1.4061
856	1.406
857	1.4059
858	1.4058
859	1.4057
860	1.4055
861	1.4054
862	1.4052
863	1.405
864	1.4047
865	1.4045
866	1.4043
867	1.4041
868	1.4038
869	1.4036
870	1.4033
871	1.4031
872	1.4029
873	1.4027
874	1.4025
875	1.4023
876	1.4021
877	1.4019
878	1.4017
879	1.4016
880	1.4014
881	1.4013
882	1.4012
883	1.4011
884	1.401
885	1.401
886	1.4009
887	1.4008
888	1.4008
889	1.4008
890	1.4008
891	1.4008
892	1.4008
893	1.4008
894	1.4008
895	1.4009
896	1.4009
897	1.4009
898	1.401
899	1.401
900	1.4011
901	1.4011
902	1.4012
903	1.4012
904	1.4013
905	1.4014
906	1.4014
907	1.4015
908	1.4015
909	1.4016
910	1.4016
911	1.4017
912	1.4017
913	1.4018
914	1.4018
915	1.4019
916	1.4019
917	1.402
918	1.402
919	1.402
920	1.402
921	1.4021
922	1.4021
923	1.4021
924	1.4021
925	1.4021
926	1.4021
927	1.4022
928	1.4022
929	1.4022
930	1.4022
931	1.4022
932	1.4022
933	1.4022
934	1.4022
935	1.4022
936	1.4021
937	1.4021
938	1.4021
939	1.4021
940	1.4021
941	1.4021
942	1.4021
943	1.4021
944	1.4021
945	1.4021
946	1.402
947	1.402
948	1.402
949	1.402
950	1.402
951	1.402
952	1.402
953	1.402
954	1.402
955	1.402
956	1.4019
957	1.4019
958	1.4019
959	1.4019
960	1.4019
961	1.4019
962	1.4019
963	1.4019
964	1.4019
965	1.4019
966	1.4019
967	1.4019
968	1.4019
969	1.4019
970	1.4019
971	1.4019
972	1.4019
973	1.4019
974	1.4019
975	1.4019
976	1.4019
977	1.4019
978	1.4019
979	1.4019
980	1.4019
981	1.4019
982	1.4019
983	1.4019
984	1.4019
985	1.4019
986	1.4019
987	1.4019
988	1.4019
989	1.4019
990	1.4019
991	1.4019
992	1.4019
993	1.402
994	1.402
995	1.402
996	1.402
997	1.402
998	1.402
999	1.402
1000	1.402
