1	1
2	1
3	1
4	1
5	1
6	1
7	1
8	1
9	1
10	1
11	1
12	0.91392
13	0.83627
14	0.76659
15	0.70445
16	0.6494
17	0.601
18	0.55883
19	0.52244
20	0.5
21	0.5
22	0.5
23	0.5
24	0.5
25	0.5
26	0.5
27	0.5
28	0.5
29	0.50174
30	0.5055
31	0.51099
32	0.51789
33	0.52589
34	0.5347
35	0.54407
36	0.55374
37	0.56351
38	0.57319
39	0.58262
40	0.59169
41	0.60027
42	0.6083
43	0.61571
44	0.62245
45	0.62849
46	0.63383
47	0.63846
48	0.64238
49	0.64561
50	0.64819
51	0.65013
52	0.65148
53	0.65227
54	0.65254
55	0.65235
56	0.65173
57	0.65074
58	0.64941
59	0.64779
60	0.64593
61	0.64386
62	0.64162
63	0.63926
64	0.6368
65	0.63428
66	0.63173
67	0.62917
68	0.62662
69	0.62411
70	0.62165
71	0.61926
72	0.61695
73	0.61473
74	0.61261
75	0.61059
76	0.60869
77	0.60689
78	0.60521
79	0.60364
80	0.60219
81	0.60084
82	0.59961
83	0.59847
84	0.59743
85	0.59649
86	0.59563
87	0.59485
88	0.59415
89	0.59352
90	0.59296
91	0.59246
92	0.59201
93	0.59161
94	0.59126
95	0.59094
96	0.59067
97	0.59042
98	0.59021
99	0.59002
100	0.58986
101	0.58972
102	0.58961
103	0.58951
104	0.58943
105	0.58937
106	0.58932
107	0.58929
108	0.58927
109	0.58927
110	0.58927
111	0.58929
112	0.58932
113	0.58938
114	0.58947
115	0.5896
116	0.58978
117	0.59001
118	0.5903
119	0.59062
120	0.591
121	0.59141
122	0.59186
123	0.59234
124	0.59285
125	0.59337
126	0.5939
127	0.59444
128	0.59497
129	0.5955
130	0.59601
131	0.59651
132	0.59699
133	0.59744
134	0.59785
135	0.59824
136	0.59859
137	0.59891
138	0.59918
139	0.59942
140	0.59963
141	0.59979
142	0.59992
143	0.60001
144	0.60007
145	0.6001
146	0.60009
147	0.60007
148	0.60001
149	0.59994
150	0.59985
151	0.59974
152	0.59961
153	0.59948
154	0.59934
155	0.59919
156	0.59903
157	0.59888
158	0.59873
159	0.59857
160	0.59843
161	0.59828
162	0.59814
163	0.59801
164	0.59789
165	0.59778
166	0.59768
167	0.59758
168	0.5975
169	0.59743
170	0.59736
171	0.59731
172	0.59727
173	0.59723
174	0.59721
175	0.59719
176	0.59718
177	0.59718
178	0.59719
179	0.5972
180	0.59722
181	0.59724
182	0.59727
183	0.5973
184	0.59733
185	0.59737
186	0.59741
187	0.59745
188	0.59749
189	0.59753
190	0.59758
191	0.59762
192	0.59766
193	0.5977
194	0.59774
195	0.59778
196	0.59782
197	0.59786
198	0.59789
199	0.59793
200	0.59796
201	0.59799
202	0.59802
203	0.59804
204	0.59807
205	0.59809
206	0.59811
207	0.59813
208	0.59814
209	0.59816
210	0.59817
211	0.59819
212	0.5982
213	0.59821
214	0.59821
215	0.59822
216	0.59823
217	0.59823
218	0.59823
219	0.59824
220	0.59824
221	0.59824
222	0.59824
223	0.59823
224	0.59823
225	0.59823
226	0.59822
227	0.59822
228	0.59821
229	0.59821
230	0.5982
231	0.59819
232	0.59818
233	0.59818
234	0.59817
235	0.59816
236	0.59815
237	0.59814
238	0.59813
239	0.59812
240	0.59811
241	0.5981
242	0.59809
243	0.59808
244	0.59807
245	0.59806
246	0.59805
247	0.59804
248	0.59804
249	0.59803
250	0.6841
251	0.76175
252	0.83142
253	0.89356
254	0.9486
255	0.997
256	1.0392
257	1.0755
258	1.1066
259	1.1326
260	1.154
261	1.1712
262	1.1843
263	1.1938
264	1.2001
265	1.2033
266	1.2039
267	1.2022
268	1.1984
269	1.1929
270	1.1859
271	1.1777
272	1.1685
273	1.1586
274	1.1481
275	1.1372
276	1.1262
277	1.115
278	1.1039
279	1.0931
280	1.0825
281	1.0722
282	1.0624
283	1.0531
284	1.0443
285	1.0361
286	1.0285
287	1.0215
288	1.0151
289	1.0092
290	1.004
291	0.99939
292	0.99532
293	0.99179
294	0.98877
295	0.98624
296	0.98416
297	0.9825
298	0.98124
299	0.98033
300	0.97975
301	0.97945
302	0.97942
303	0.97962
304	0.98002
305	0.9806
306	0.98132
307	0.98216
308	0.98311
309	0.98414
310	0.98523
311	0.98636
312	0.98753
313	0.9887
314	0.98989
315	0.99106
316	0.99222
317	0.99336
318	0.99446
319	0.99553
320	0.99656
321	0.99755
322	0.99849
323	0.99939
324	1.0002
325	1.001
326	1.0018
327	1.0025
328	1.0032
329	1.0038
330	1.0044
331	1.0049
332	1.0054
333	1.0059
334	1.0063
335	1.0067
336	1.007
337	1.0073
338	1.0076
339	1.0079
340	1.0081
341	1.0083
342	1.0085
343	1.0086
344	1.0088
345	1.0089
346	1.0089
347	1.009
348	1.009
349	1.009
350	1.009
351	1.009
352	1.0089
353	1.0087
354	1.0085
355	1.0083
356	1.008
357	1.0076
358	1.0072
359	1.0067
360	1.0062
361	1.0057
362	1.0051
363	1.0046
364	1.004
365	1.0034
366	1.0028
367	1.0022
368	1.0016
369	1.001
370	1.0005
371	0.99999
372	0.99951
373	0.99906
374	0.99865
375	0.99827
376	0.99794
377	0.99764
378	0.99739
379	0.99717
380	0.997
381	0.99686
382	0.99676
383	0.9967
384	0.99667
385	0.99668
386	0.99671
387	0.99677
388	0.99685
389	0.99696
390	0.99708
391	0.99722
392	0.99738
393	0.99754
394	0.99772
395	0.9979
396	0.99808
397	0.99827
398	0.99845
399	0.99864
400	0.99882
401	0.999
402	0.99917
403	0.99933
404	0.99949
405	0.99963
406	0.99977
407	0.9999
408	1
409	1.0001
410	1.0002
411	1.0003
412	1.0004
413	1.0004
414	1.0005
415	1.0005
416	1.0006
417	1.0006
418	1.0006
419	1.0007
420	1.0007
421	1.0007
422	1.0007
423	1.0006
424	1.0006
425	1.0006
426	1.0006
427	1.0006
428	1.0005
429	1.0005
430	1.0005
431	1.0004
432	1.0004
433	1.0004
434	1.0003
435	1.0003
436	1.0003
437	1.0002
438	1.0002
439	1.0002
440	1.0001
441	1.0001
442	1.0001
443	1
444	1
445	0.99999
446	0.99996
447	0.99994
448	0.99992
449	0.9999
450	0.99988
451	0.99987
452	0.99985
453	0.99984
454	0.99983
455	0.99982
456	0.99981
457	0.9998
458	0.9998
459	0.99979
460	0.99979
461	0.99979
462	0.99979
463	0.99979
464	0.99979
465	0.99979
466	0.9998
467	0.9998
468	0.99981
469	0.99982
470	0.99982
471	0.99983
472	0.99984
473	0.99985
474	0.99986
475	0.99987
476	0.99988
477	0.9999
478	0.99991
479	0.99992
480	0.99993
481	0.99994
482	0.99995
483	0.99996
484	0.99998
485	0.99999
486	1
487	1
488	1
489	1
490	1
491	1
492	1
493	1
494	1.0001
495	1.0001
496	1.0001
497	1.0001
498	1.0001
499	1.0001
500	1.0431
501	1.0819
502	1.1168
503	1.1478
504	1.1754
505	1.1996
506	1.2206
507	1.2388
508	1.2543
509	1.2674
510	1.2781
511	1.2866
512	1.2932
513	1.298
514	1.3011
515	1.3027
516	1.303
517	1.3021
518	1.3002
519	1.2975
520	1.294
521	1.2899
522	1.2853
523	1.2803
524	1.275
525	1.2696
526	1.2641
527	1.2585
528	1.253
529	1.2475
530	1.2422
531	1.2371
532	1.2322
533	1.2275
534	1.2231
535	1.219
536	1.2152
537	1.2117
538	1.2085
539	1.2056
540	1.203
541	1.2007
542	1.1986
543	1.1969
544	1.1953
545	1.1941
546	1.193
547	1.1922
548	1.1916
549	1.1911
550	1.1908
551	1.1907
552	1.1907
553	1.1908
554	1.191
555	1.1913
556	1.1916
557	1.1921
558	1.1925
559	1.193
560	1.1936
561	1.1942
562	1.1947
563	1.1953
564	1.1959
565	1.1965
566	1.1971
567	1.1977
568	1.1982
569	1.1987
570	1.1993
571	1.1998
572	1.2002
573	1.2007
574	1.2011
575	1.2015
576	1.2019
577	1.2022
578	1.2026
579	1.2029
580	1.2032
581	1.2034
582	1.2037
583	1.2039
584	1.2041
585	1.2043
586	1.2045
587	1.2047
588	1.2048
589	1.2049
590	1.205
591	1.2051
592	1.2052
593	1.2053
594	1.2054
595	1.2054
596	1.2055
597	1.2055
598	1.2055
599	1.2055
600	1.2055
601	1.2055
602	1.2054
603	1.2053
604	1.2052
605	1.2051
606	1.205
607	1.2048
608	1.2046
609	1.2043
610	1.2041
611	1.2038
612	1.2036
613	1.2033
614	1.203
615	1.2027
616	1.2024
617	1.2021
618	1.2018
619	1.2015
620	1.2012
621	1.201
622	1.2007
623	1.2005
624	1.2003
625	1.2001
626	1.1999
627	1.1998
628	1.1997
629	1.1996
630	1.1995
631	1.1994
632	1.1994
633	1.1993
634	1.1993
635	1.1993
636	1.1993
637	1.1994
638	1.1994
639	1.1995
640	1.1995
641	1.1996
642	1.1997
643	1.1998
644	1.1998
645	1.1999
646	1.2
647	1.2001
648	1.2002
649	1.2003
650	1.2004
651	1.2005
652	1.2006
653	1.2006
654	1.2007
655	1.2008
656	1.2009
657	1.2009
658	1.201
659	1.201
660	1.2011
661	1.2011
662	1.2012
663	1.2012
664	1.2012
665	1.2013
666	1.2013
667	1.2013
668	1.2013
669	1.2013
670	1.2013
671	1.2013
672	1.2013
673	1.2013
674	1.2013
675	1.2013
676	1.2013
677	1.2013
678	1.2012
679	1.2012
680	1.2012
681	1.2012
682	1.2012
683	1.2012
684	1.2011
685	1.2011
686	1.2011
687	1.2011
688	1.2011
689	1.2011
690	1.201
691	1.201
692	1.201
693	1.201
694	1.201
695	1.201
696	1.201
697	1.201
698	1.2009
699	1.2009
700	1.2009
701	1.2009
702	1.2009
703	1.2009
704	1.2009
705	1.2009
706	1.2009
707	1.2009
708	1.2009
709	1.2009
710	1.2009
711	1.2009
712	1.2009
713	1.2009
714	1.2009
715	1.2009
716	1.2009
717	1.2009
718	1.2009
719	1.2009
720	1.2009
721	1.2009
722	1.2009
723	1.2009
724	1.2009
725	1.2009
726	1.2009
727	1.2009
728	1.2009
729	1.2009
730	1.2009
731	1.201
732	1.201
733	1.201
734	1.201
735	1.201
736	1.201
737	1.201
738	1.201
739	1.201
740	1.201
741	1.201
742	1.201
743	1.201
744	1.201
745	1.201
746	1.201
747	1.201
748	1.201
749	1.201
750	1.2441
751	1.2829
752	1.3177
753	1.3488
754	1.3763
755	1.4005
756	1.4216
757	1.4398
758	1.4553
759	1.4683
760	1.479
761	1.4876
762	1.4942
763	1.4989
764	1.5
765	1.5
766	1.5
767	1.4991
768	1.4972
769	1.4945
770	1.491
771	1.4869
772	1.4823
773	1.4773
774	1.4721
775	1.4666
776	1.4611
777	1.4556
778	1.4501
779	1.4446
780	1.4394
781	1.4343
782	1.4295
783	1.4249
784	1.4207
785	1.4167
786	1.413
787	1.4096
788	1.4065
789	1.4037
790	1.4013
791	1.3991
792	1.3972
793	1.3956
794	1.3942
795	1.3931
796	1.3922
797	1.3915
798	1.391
799	1.3907
800	1.3905
801	1.3905
802	1.3906
803	1.3908
804	1.3911
805	1.3915
806	1.392
807	1.3925
808	1.393
809	1.3936
810	1.3942
811	1.3948
812	1.3955
813	1.3961
814	1.3968
815	1.3974
816	1.398
817	1.3986
818	1.3992
819	1.3997
820	1.4003
821	1.4008
822	1.4013
823	1.4017
824	1.4022
825	1.4026
826	1.4029
827	1.4033
828	1.4036
829	1.4039
830	1.4042
831	1.4045
832	1.4047
833	1.405
834	1.4052
835	1.4054
836	1.4055
837	1.4057
838	1.4058
839	1.4059
840	1.4061
841	1.4062
842	1.4062
843	1.4063
844	1.4064
845	1.4064
846	1.4064
847	1.4065
848	1.4065
849	1.4065
850	1.4065
851	1.4064
852	1.4064
853	1.4063
854	1.4062
855	1.4061
856	1.4059
857	1.4058
858	1.4055
859	1.4053
860	1.4051
861	1.4048
862	1.4045
863	1.4042
864	1.4039
865	1.4037
866	1.4034
867	1.4031
868	1.4028
869	1.4025
870	1.4022
871	1.402
872	1.4017
873	1.4015
874	1.4013
875	1.4011
876	1.401
877	1.4008
878	1.4007
879	1.4006
880	1.4005
881	1.4004
882	1.4004
883	1.4004
884	1.4003
885	1.4003
886	1.4004
887	1.4004
888	1.4004
889	1.4005
890	1.4006
891	1.4006
892	1.4007
893	1.4008
894	1.4009
895	1.401
896	1.4011
897	1.4011
898	1.4012
899	1.4013
900	1.4014
901	1.4015
902	1.4016
903	1.4017
904	1.4017
905	1.4018
906	1.4019
907	1.4019
908	1.402
909	1.4021
910	1.4021
911	1.4021
912	1.4022
913	1.4022
914	1.4022
915	1.4023
916	1.4023
917	1.4023
918	1.4023
919	1.4023
920	1.4023
921	1.4023
922	1.4023
923	1.4023
924	1.4023
925	1.4023
926	1.4023
927	1.4022
928	1.4022
929	1.4022
930	1.4022
931	1.4022
932	1.4022
933	1.4021
934	1.4021
935	1.4021
936	1.4021
937	1.4021
938	1.4021
939	1.402
940	1.402
941	1.402
942	1.402
943	1.402
944	1.402
945	1.402
946	1.4019
947	1.4019
948	1.4019
949	1.4019
950	1.4019
951	1.4019
952	1.4019
953	1.4019
954	1.4019
955	1.4019
956	1.4019
957	1.4019
958	1.4019
959	1.4019
960	1.4019
961	1.4019
962	1.4019
963	1.4019
964	1.4019
965	1.4019
966	1.4019
967	1.4019
968	1.4019
969	1.4019
970	1.4019
971	1.4019
972	1.4019
973	1.4019
974	1.4019
975	1.4019
976	1.4019
977	1.4019
978	1.4019
979	1.4019
980	1.4019
981	1.4019
982	1.4019
983	1.4019
984	1.4019
985	1.402
986	1.402
987	1.402
988	1.402
989	1.402
990	1.402
991	1.402
992	1.402
993	1.402
994	1.402
995	1.402
996	1.402
997	1.402
998	1.402
999	1.402
1000	1.402
