1	1
2	1
3	1
4	1
5	1
6	1
7	1
8	1
9	1
10	1
11	1
12	0.95172
13	0.90345
14	0.85517
15	0.80689
16	0.75861
17	0.71034
18	0.66206
19	0.61378
20	0.5655
21	0.51723
22	0.5
23	0.5
24	0.5
25	0.5
26	0.5
27	0.5
28	0.5
29	0.5
30	0.50507
31	0.51642
32	0.53196
33	0.5486
34	0.56522
35	0.5818
36	0.59834
37	0.6148
38	0.63119
39	0.64748
40	0.66334
41	0.67802
42	0.69084
43	0.70146
44	0.70979
45	0.71585
46	0.71963
47	0.72114
48	0.72039
49	0.7174
50	0.71219
51	0.70489
52	0.69569
53	0.68486
54	0.67271
55	0.65952
56	0.64561
57	0.63127
58	0.61681
59	0.60253
60	0.58873
61	0.57568
62	0.56366
63	0.55291
64	0.54361
65	0.53593
66	0.52998
67	0.52585
68	0.52357
69	0.52314
70	0.52452
71	0.52763
72	0.53235
73	0.53854
74	0.54601
75	0.55456
76	0.56399
77	0.57404
78	0.58449
79	0.59508
80	0.60559
81	0.61576
82	0.6254
83	0.63429
84	0.64225
85	0.64914
86	0.65481
87	0.65917
88	0.66216
89	0.66374
90	0.66391
91	0.66269
92	0.66014
93	0.65635
94	0.65143
95	0.64552
96	0.63875
97	0.63131
98	0.62337
99	0.61511
100	0.60672
101	0.59839
102	0.59029
103	0.5826
104	0.57547
105	0.56905
106	0.56345
107	0.55877
108	0.55511
109	0.5525
110	0.55098
111	0.55056
112	0.55122
113	0.55291
114	0.55557
115	0.55912
116	0.56346
117	0.56847
118	0.57403
119	0.58
120	0.58623
121	0.59259
122	0.59893
123	0.60511
124	0.611
125	0.61648
126	0.62143
127	0.62576
128	0.62939
129	0.63225
130	0.63431
131	0.63553
132	0.63591
133	0.63546
134	0.63421
135	0.63221
136	0.62951
137	0.6262
138	0.62236
139	0.61809
140	0.61349
141	0.60867
142	0.60374
143	0.59882
144	0.594
145	0.5894
146	0.5851
147	0.5812
148	0.57777
149	0.57487
150	0.57255
151	0.57086
152	0.5698
153	0.5694
154	0.56964
155	0.5705
156	0.57194
157	0.57393
158	0.5764
159	0.57929
160	0.58252
161	0.58601
162	0.58969
163	0.59346
164	0.59725
165	0.60096
166	0.60452
167	0.60785
168	0.61089
169	0.61357
170	0.61585
171	0.61768
172	0.61904
173	0.61991
174	0.62028
175	0.62016
176	0.61955
177	0.61849
178	0.61701
179	0.61515
180	0.61296
181	0.61049
182	0.60782
183	0.605
184	0.60209
185	0.59917
186	0.5963
187	0.59353
188	0.59093
189	0.58856
190	0.58645
191	0.58464
192	0.58318
193	0.58207
194	0.58135
195	0.58101
196	0.58105
197	0.58146
198	0.58223
199	0.58333
200	0.58472
201	0.58637
202	0.58824
203	0.59028
204	0.59244
205	0.59466
206	0.59691
207	0.59913
208	0.60127
209	0.60329
210	0.60514
211	0.6068
212	0.60822
213	0.60938
214	0.61027
215	0.61086
216	0.61117
217	0.61117
218	0.61089
219	0.61033
220	0.60952
221	0.60848
222	0.60723
223	0.60581
224	0.60426
225	0.6026
226	0.60089
227	0.59916
228	0.59745
229	0.59579
230	0.59422
231	0.59277
232	0.59147
233	0.59035
234	0.58943
235	0.58872
236	0.58823
237	0.58796
238	0.58793
239	0.58811
240	0.58851
241	0.58911
242	0.58989
243	0.59083
244	0.59191
245	0.59309
246	0.59435
247	0.59567
248	0.597
249	0.59832
250	0.69832
251	0.59832
252	0.64773
253	0.69702
254	0.74618
255	0.79519
256	0.84404
257	0.89272
258	0.94122
259	0.98955
260	1.0312
261	1.0731
262	1.118
263	1.1566
264	1.1888
265	1.2146
266	1.234
267	1.2471
268	1.2539
269	1.2544
270	1.2491
271	1.2384
272	1.222
273	1.2002
274	1.1739
275	1.1439
276	1.1109
277	1.076
278	1.0398
279	1.0032
280	0.96703
281	0.93204
282	0.89893
283	0.86843
284	0.8412
285	0.81778
286	0.7986
287	0.78399
288	0.77417
289	0.76923
290	0.76917
291	0.77389
292	0.78318
293	0.79674
294	0.81419
295	0.83506
296	0.8588
297	0.88485
298	0.91257
299	0.94133
300	0.97048
301	0.99938
302	1.0274
303	1.054
304	1.0786
305	1.1007
306	1.1199
307	1.1358
308	1.1483
309	1.1571
310	1.1621
311	1.1632
312	1.1607
313	1.1546
314	1.1451
315	1.1326
316	1.1174
317	1.0999
318	1.0806
319	1.0598
320	1.0382
321	1.0162
322	0.99427
323	0.97295
324	0.95268
325	0.93388
326	0.91692
327	0.90214
328	0.88981
329	0.88014
330	0.87329
331	0.86933
332	0.86828
333	0.8701
334	0.87469
335	0.88186
336	0.89141
337	0.90307
338	0.91654
339	0.93147
340	0.9475
341	0.96427
342	0.98137
343	0.99844
344	1.0151
345	1.031
346	1.0458
347	1.0592
348	1.0709
349	1.0808
350	1.0887
351	1.0944
352	1.0978
353	1.0991
354	1.098
355	1.0949
356	1.0897
357	1.0827
358	1.074
359	1.0639
360	1.0526
361	1.0405
362	1.0277
363	1.0146
364	1.0015
365	0.98868
366	0.97641
367	0.96495
368	0.95453
369	0.94535
370	0.93758
371	0.93136
372	0.92679
373	0.92393
374	0.92281
375	0.92339
376	0.92563
377	0.92945
378	0.93471
379	0.94126
380	0.94894
381	0.95755
382	0.96687
383	0.97669
384	0.98677
385	0.99689
386	1.0068
387	1.0164
388	1.0253
389	1.0335
390	1.0407
391	1.0469
392	1.0518
393	1.0556
394	1.058
395	1.059
396	1.0588
397	1.0572
398	1.0545
399	1.0506
400	1.0457
401	1.0399
402	1.0333
403	1.0262
404	1.0187
405	1.011
406	1.0032
407	0.99555
408	0.98816
409	0.98121
410	0.97484
411	0.96918
412	0.96433
413	0.96038
414	0.95739
415	0.95541
416	0.95446
417	0.95452
418	0.95558
419	0.95759
420	0.96048
421	0.96416
422	0.96854
423	0.9735
424	0.97892
425	0.98467
426	0.99061
427	0.99662
428	1.0025
429	1.0083
430	1.0137
431	1.0187
432	1.0231
433	1.0269
434	1.0301
435	1.0325
436	1.0341
437	1.035
438	1.035
439	1.0343
440	1.0329
441	1.0307
442	1.028
443	1.0247
444	1.0209
445	1.0168
446	1.0124
447	1.0078
448	1.0032
449	0.99862
450	0.99418
451	0.98998
452	0.9861
453	0.98262
454	0.97961
455	0.97712
456	0.97519
457	0.97385
458	0.97312
459	0.97299
460	0.97346
461	0.9745
462	0.97607
463	0.97813
464	0.98062
465	0.98348
466	0.98662
467	0.98998
468	0.99348
469	0.99704
470	1.0006
471	1.004
472	1.0073
473	1.0103
474	1.013
475	1.0154
476	1.0174
477	1.0189
478	1.02
479	1.0206
480	1.0208
481	1.0205
482	1.0198
483	1.0186
484	1.0171
485	1.0152
486	1.013
487	1.0106
488	1.0081
489	1.0054
490	1.0026
491	0.99992
492	0.99726
493	0.99473
494	0.99237
495	0.99024
496	0.98837
497	0.98681
498	0.98557
499	0.98468
500	1.0847
501	0.98468
502	1.009
503	1.0337
504	1.0587
505	1.0839
506	1.1095
507	1.1353
508	1.1612
509	1.1873
510	1.2069
511	1.2267
512	1.2512
513	1.2726
514	1.2907
515	1.3056
516	1.3172
517	1.3255
518	1.3304
519	1.3319
520	1.3304
521	1.3264
522	1.3195
523	1.3097
524	1.2972
525	1.2827
526	1.2665
527	1.249
528	1.2307
529	1.212
530	1.1933
531	1.1751
532	1.1576
533	1.1413
534	1.1265
535	1.1136
536	1.1027
537	1.094
538	1.0878
539	1.0841
540	1.0829
541	1.0841
542	1.0877
543	1.0936
544	1.1016
545	1.1115
546	1.123
547	1.1357
548	1.1495
549	1.164
550	1.1789
551	1.1938
552	1.2084
553	1.2223
554	1.2354
555	1.2474
556	1.2579
557	1.2669
558	1.2742
559	1.2796
560	1.283
561	1.2846
562	1.2842
563	1.2819
564	1.2779
565	1.2722
566	1.265
567	1.2566
568	1.2471
569	1.2368
570	1.2259
571	1.2147
572	1.2035
573	1.1924
574	1.1817
575	1.1717
576	1.1626
577	1.1544
578	1.1475
579	1.1419
580	1.1377
581	1.135
582	1.1337
583	1.1339
584	1.1356
585	1.1387
586	1.143
587	1.1484
588	1.1549
589	1.1622
590	1.1702
591	1.1786
592	1.1873
593	1.196
594	1.2047
595	1.213
596	1.2209
597	1.2281
598	1.2345
599	1.2401
600	1.2446
601	1.248
602	1.2504
603	1.2515
604	1.2516
605	1.2505
606	1.2483
607	1.2452
608	1.2411
609	1.2363
610	1.2308
611	1.2247
612	1.2183
613	1.2117
614	1.205
615	1.1983
616	1.1919
617	1.1858
618	1.1802
619	1.1752
620	1.1709
621	1.1673
622	1.1645
623	1.1627
624	1.1617
625	1.1615
626	1.1623
627	1.1639
628	1.1662
629	1.1692
630	1.1729
631	1.1771
632	1.1817
633	1.1866
634	1.1917
635	1.1969
636	1.2021
637	1.207
638	1.2118
639	1.2162
640	1.2201
641	1.2235
642	1.2264
643	1.2286
644	1.2301
645	1.231
646	1.2312
647	1.2307
648	1.2296
649	1.2279
650	1.2256
651	1.2229
652	1.2197
653	1.2162
654	1.2124
655	1.2085
656	1.2045
657	1.2006
658	1.1967
659	1.193
660	1.1896
661	1.1866
662	1.1839
663	1.1816
664	1.1799
665	1.1786
666	1.1778
667	1.1776
668	1.1779
669	1.1787
670	1.18
671	1.1817
672	1.1838
673	1.1862
674	1.1888
675	1.1917
676	1.1947
677	1.1978
678	1.2008
679	1.2038
680	1.2067
681	1.2093
682	1.2117
683	1.2139
684	1.2156
685	1.2171
686	1.2181
687	1.2187
688	1.2189
689	1.2188
690	1.2182
691	1.2173
692	1.216
693	1.2144
694	1.2126
695	1.2106
696	1.2084
697	1.2061
698	1.2038
699	1.2014
700	1.1991
701	1.1969
702	1.1948
703	1.1929
704	1.1913
705	1.1899
706	1.1887
707	1.1879
708	1.1874
709	1.1872
710	1.1872
711	1.1876
712	1.1883
713	1.1893
714	1.1904
715	1.1918
716	1.1933
717	1.195
718	1.1968
719	1.1986
720	1.2004
721	1.2022
722	1.2039
723	1.2055
724	1.207
725	1.2083
726	1.2094
727	1.2103
728	1.211
729	1.2114
730	1.2116
731	1.2116
732	1.2113
733	1.2108
734	1.2101
735	1.2092
736	1.2082
737	1.207
738	1.2057
739	1.2044
740	1.203
741	1.2016
742	1.2002
743	1.1989
744	1.1976
745	1.1965
746	1.1955
747	1.1946
748	1.1939
749	1.1933
750	1.2933
751	1.1933
752	1.2175
753	1.2418
754	1.2663
755	1.291
756	1.3158
757	1.3407
758	1.3657
759	1.3908
760	1.4093
761	1.4282
762	1.4517
763	1.4721
764	1.4893
765	1.5
766	1.5
767	1.5
768	1.5
769	1.5
770	1.4983
771	1.4941
772	1.4872
773	1.4775
774	1.4654
775	1.4514
776	1.4368
777	1.4222
778	1.4077
779	1.3932
780	1.3788
781	1.3649
782	1.3518
783	1.3398
784	1.3293
785	1.3206
786	1.3138
787	1.3089
788	1.3061
789	1.3052
790	1.3062
791	1.3091
792	1.3139
793	1.3204
794	1.3284
795	1.3376
796	1.348
797	1.3591
798	1.3708
799	1.3828
800	1.3948
801	1.4066
802	1.4179
803	1.4284
804	1.4381
805	1.4466
806	1.4539
807	1.4597
808	1.4641
809	1.467
810	1.4682
811	1.468
812	1.4662
813	1.463
814	1.4585
815	1.4528
816	1.446
817	1.4385
818	1.4302
819	1.4215
820	1.4125
821	1.4035
822	1.3946
823	1.3861
824	1.378
825	1.3707
826	1.3642
827	1.3586
828	1.3541
829	1.3508
830	1.3486
831	1.3476
832	1.3478
833	1.3491
834	1.3516
835	1.355
836	1.3594
837	1.3646
838	1.3705
839	1.3769
840	1.3837
841	1.3907
842	1.3977
843	1.4047
844	1.4114
845	1.4177
846	1.4235
847	1.4287
848	1.4332
849	1.4368
850	1.4396
851	1.4415
852	1.4424
853	1.4425
854	1.4416
855	1.4399
856	1.4373
857	1.4341
858	1.4302
859	1.4258
860	1.421
861	1.4158
862	1.4105
863	1.4051
864	1.3998
865	1.3946
866	1.3897
867	1.3852
868	1.3812
869	1.3777
870	1.3749
871	1.3726
872	1.3711
873	1.3703
874	1.3702
875	1.3708
876	1.3721
877	1.374
878	1.3764
879	1.3794
880	1.3827
881	1.3864
882	1.3904
883	1.3945
884	1.3986
885	1.4028
886	1.4068
887	1.4106
888	1.4141
889	1.4173
890	1.42
891	1.4223
892	1.4241
893	1.4253
894	1.4261
895	1.4262
896	1.4258
897	1.4249
898	1.4236
899	1.4217
900	1.4195
901	1.417
902	1.4142
903	1.4112
904	1.408
905	1.4048
906	1.4016
907	1.3985
908	1.3956
909	1.3929
910	1.3904
911	1.3882
912	1.3864
913	1.385
914	1.384
915	1.3834
916	1.3832
917	1.3834
918	1.3841
919	1.3851
920	1.3865
921	1.3881
922	1.39
923	1.3922
924	1.3945
925	1.3969
926	1.3994
927	1.4018
928	1.4042
929	1.4065
930	1.4087
931	1.4106
932	1.4123
933	1.4137
934	1.4149
935	1.4157
936	1.4162
937	1.4164
938	1.4162
939	1.4158
940	1.415
941	1.414
942	1.4128
943	1.4113
944	1.4097
945	1.4079
946	1.4061
947	1.4042
948	1.4023
949	1.4004
950	1.3987
951	1.397
952	1.3955
953	1.3942
954	1.393
955	1.3921
956	1.3914
957	1.391
958	1.3909
959	1.3909
960	1.3912
961	1.3918
962	1.3925
963	1.3935
964	1.3946
965	1.3958
966	1.3972
967	1.3986
968	1.4
969	1.4015
970	1.4029
971	1.4043
972	1.4056
973	1.4068
974	1.4078
975	1.4087
976	1.4095
977	1.41
978	1.4103
979	1.4105
980	1.4105
981	1.4103
982	1.4099
983	1.4093
984	1.4086
985	1.4078
986	1.4068
987	1.4058
988	1.4047
989	1.4036
990	1.4025
991	1.4014
992	1.4003
993	1.3993
994	1.3984
995	1.3975
996	1.3968
997	1.3963
998	1.3958
999	1.3955
1000	1.3954
